tcptype windowsize queuesize segmentsize maxbytes goodput
TcpTahoe	2000	2000	128	19084	19033	18905	4531	4851	4454	4364	3776	2662	6630
TcpTahoe	2000	2000	256	14720	12774	15206	12006	15206	12057	8243	7756	1484	742
TcpTahoe	2000	2000	512	11110	10547	11008	256	9881	9881	256	2969	7731	7731
TcpTahoe	2000	8000	128	12710	12710	11136	11033	6233	6400	5529	10752	6028	5068
TcpTahoe	2000	8000	256	10675	10675	10675	10675	10675	10675	10675	10675	9753	9523
TcpTahoe	2000	8000	512	11110	11110	11110	11110	11059	11008	11008	11008	11008	11008
TcpTahoe	2000	32000	128	9228	9228	9164	9049	9049	9049	9049	9049	9049	9049
TcpTahoe	2000	32000	256	10521	10521	10521	10521	10521	10521	10470	10368	10368	10368
TcpTahoe	2000	32000	512	11110	11110	11110	11110	11059	11008	11008	11008	11008	11008
TcpTahoe	2000	64000	128	9228	9228	9164	9049	9049	9049	9049	9049	9049	9049
TcpTahoe	2000	64000	256	10521	10521	10521	10521	10521	10521	10470	10368	10368	10368
TcpTahoe	2000	64000	512	11110	11110	11110	11110	11059	11008	11008	11008	11008	11008
TcpTahoe	8000	2000	128	6988	13747	7628	11302	8025	12480	4249	4339	6336	5107
TcpTahoe	8000	2000	256	6016	9395	8448	12774	3814	8268	8576	17740	7475	6067
TcpTahoe	8000	2000	512	13107	15872	11161	6912	13312	5785	15360	51	6246	4915
TcpTahoe	8000	8000	128	5721	6643	5632	8140	5491	9036	13260	10752	10611	9664
TcpTahoe	8000	8000	256	12774	8294	9088	9113	10880	9881	9113	10649	7116	13849
TcpTahoe	8000	8000	512	14387	8192	15257	16947	17356	7833	5632	9318	7065	5836
TcpTahoe	8000	32000	128	15270	15014	5312	5107	5043	5081	5120	5478	11827	11776
TcpTahoe	8000	32000	256	5734	18048	16256	5196	14515	6732	11187	5043	11238	5120
TcpTahoe	8000	32000	512	10086	11417	18585	9932	9728	15974	6502	7731	5324	14848
TcpTahoe	8000	64000	128	9356	8537	8294	7872	8281	7795	7795	7846	6771	6566
TcpTahoe	8000	64000	256	17433	16819	16793	16793	10470	3660	3712	7961	3558	3558
TcpTahoe	8000	64000	512	15462	15462	11366	11315	14848	14848	14848	2662	10035	2662
TcpTahoe	32000	2000	128	6988	13747	7628	11302	8025	12480	4249	4339	6336	5107
TcpTahoe	32000	2000	256	6016	9395	8448	12774	3814	8268	8576	17740	7475	6067
TcpTahoe	32000	2000	512	13107	15872	11161	6912	13312	5785	15360	51	6246	4915
TcpTahoe	32000	8000	128	5721	6643	5632	8140	5491	9036	13260	10752	10611	9664
TcpTahoe	32000	8000	256	12774	8294	9088	9113	10880	9881	9113	10649	7116	13849
TcpTahoe	32000	8000	512	14387	8192	15257	16947	17356	7833	5632	9318	7065	5836
TcpTahoe	32000	32000	128	15270	15014	5312	5107	5043	5081	5120	5478	11827	11776
TcpTahoe	32000	32000	256	7526	6886	14259	7372	15846	6041	12569	7168	15206	5606
TcpTahoe	32000	32000	512	8755	9574	17510	11315	9267	5734	16230	10291	11315	10905
TcpTahoe	32000	64000	128	5875	5440	5568	5299	5414	18892	5196	18585	5785	5440
TcpTahoe	32000	64000	256	8089	8115	8422	6784	24422	7270	8012	7398	7808	7808
TcpTahoe	32000	64000	512	14387	6246	6246	12288	6041	12134	11980	11980	11980	11929
TcpTahoe	64000	2000	128	6988	13747	7628	11302	8025	12480	4249	4339	6336	5107
TcpTahoe	64000	2000	256	6016	9395	8448	12774	3814	8268	8576	17740	7475	6067
TcpTahoe	64000	2000	512	13107	15872	11161	6912	13312	5785	15360	51	6246	4915
TcpTahoe	64000	8000	128	5721	6643	5632	8140	5491	9036	13260	10752	10611	9664
TcpTahoe	64000	8000	256	12774	8294	9088	9113	10880	9881	9113	10649	7116	13849
TcpTahoe	64000	8000	512	14387	8192	15257	16947	17356	7833	5632	9318	7065	5836
TcpTahoe	64000	32000	128	15270	15014	5312	5107	5043	5081	5120	5478	11827	11776
TcpTahoe	64000	32000	256	7526	6886	14259	7372	15846	6041	12569	7168	15206	5606
TcpTahoe	64000	32000	512	8755	9574	17510	11315	9267	5734	16230	10291	11315	10905
TcpTahoe	64000	64000	128	5875	5440	5568	5299	5414	18892	5196	18585	5785	5440
TcpTahoe	64000	64000	256	8089	8115	8422	6784	24422	7270	8012	7398	7808	7808
TcpTahoe	64000	64000	512	14387	6246	6246	12288	6041	12134	11980	11980	11980	11929
TcpReno	2000	2000	128	19187	16204	19084	3584	4352	5542	4480	5376	5798	3481
TcpReno	2000	2000	256	16230	16204	14387	4480	14387	13849	6937	4224	2841	5196
TcpReno	2000	2000	512	11110	10547	11008	256	9881	9881	256	2969	7731	7731
TcpReno	2000	8000	128	11558	11558	11558	11558	5619	4492	10611	7680	8729	3763
TcpReno	2000	8000	256	10828	10828	10828	10828	10828	10726	10675	10675	9600	8883
TcpReno	2000	8000	512	11110	11110	11110	11110	11059	11008	11008	11008	11008	11008
TcpReno	2000	32000	128	9228	9228	9164	9049	9049	9049	9049	9049	9049	9049
TcpReno	2000	32000	256	10521	10521	10521	10521	10521	10521	10470	10368	10368	10368
TcpReno	2000	32000	512	11110	11110	11110	11110	11059	11008	11008	11008	11008	11008
TcpReno	2000	64000	128	9228	9228	9164	9049	9049	9049	9049	9049	9049	9049
TcpReno	2000	64000	256	10521	10521	10521	10521	10521	10521	10470	10368	10368	10368
TcpReno	2000	64000	512	11110	11110	11110	11110	11059	11008	11008	11008	11008	11008
TcpReno	8000	2000	128	14668	7027	9715	3392	9600	5747	5760	5324	6336	11699
TcpReno	8000	2000	256	8652	7219	12236	6323	12134	12467	7782	10291	10188	7065
TcpReno	8000	2000	512	15616	13056	11264	5683	7884	7731	10905	9113	2252	7475
TcpReno	8000	8000	128	9561	6528	3110	6476	3878	7014	14924	11059	11148	10201
TcpReno	8000	8000	256	10086	6374	15539	7603	13209	6860	7449	19328	4147	10137
TcpReno	8000	8000	512	12646	6041	6348	14950	11520	11264	12390	11315	8755	9164
TcpReno	8000	32000	128	13593	12467	7859	7526	7193	7193	7398	4876	6208	6195
TcpReno	8000	32000	256	8294	13926	12902	9088	10931	8448	8089	8345	8422	5324
TcpReno	8000	32000	512	10137	10956	15052	10547	10240	11161	6656	12492	7526	10291
TcpReno	8000	64000	128	9932	6668	8563	7590	6464	8614	5811	6732	8716	7001
TcpReno	8000	64000	256	18227	18329	18329	18073	6963	4096	4300	6220	4019	4019
TcpReno	8000	64000	512	16230	16179	11059	6041	16179	16179	15564	2662	10803	2662
TcpReno	32000	2000	128	7769	5529	10931	10112	7436	8217	4608	4953	12684	7116
TcpReno	32000	2000	256	13875	9088	4096	16947	7884	5683	12928	7347	8320	6272
TcpReno	32000	2000	512	8192	10291	14131	7168	10035	9932	10086	11520	6092	5171
TcpReno	32000	8000	128	9561	6528	3110	6476	3878	7014	14924	11059	11148	10201
TcpReno	32000	8000	256	21734	7654	9881	7321	8268	7449	9062	6604	11340	11315
TcpReno	32000	8000	512	13107	10188	16486	9881	10700	13619	9676	7219	7577	6348
TcpReno	32000	32000	128	8998	9062	8256	8576	7961	7961	8217	6118	7398	7385
TcpReno	32000	32000	256	10112	8678	7833	9753	9958	9548	12979	7961	9420	7270
TcpReno	32000	32000	512	7833	9779	9267	14284	9420	13260	9984	13056	11724	9369
TcpReno	32000	64000	128	6758	7756	8179	7987	7539	7756	5580	7769	7628	7680
TcpReno	32000	64000	256	9472	9600	10854	8115	10137	7756	7859	8294	7168	7116
TcpReno	32000	64000	512	10598	10803	9932	12236	9625	8652	8396	8345	8345	7936
TcpReno	64000	2000	128	7769	5529	10931	10112	7436	8217	4608	4953	12684	7116
TcpReno	64000	2000	256	13875	9088	4096	16947	7884	5683	12928	7347	8320	6272
TcpReno	64000	2000	512	8192	10291	14131	7168	10035	9932	10086	11520	6092	5171
TcpReno	64000	8000	128	9561	6528	3110	6476	3878	7014	14924	11059	11148	10201
TcpReno	64000	8000	256	21734	7654	9881	7321	8268	7449	9062	6604	11340	11315
TcpReno	64000	8000	512	13107	10188	16486	9881	10700	13619	9676	7219	7577	6348
TcpReno	64000	32000	128	8998	9062	8256	8576	7961	7961	8217	6118	7398	7385
TcpReno	64000	32000	256	10112	8678	7833	9753	9958	9548	12979	7961	9420	7270
TcpReno	64000	32000	512	7833	9779	9267	14284	9420	13260	9984	13056	11724	9369
TcpReno	64000	64000	128	6758	7756	8179	7987	7539	7756	5580	7769	7628	7680
TcpReno	64000	64000	256	9472	9600	10854	8115	10137	7756	7859	8294	7168	7116
TcpReno	64000	64000	512	10598	10803	9932	12236	9625	8652	8396	8345	8345	7936
